18022219090314170816152305200611251304241007012112
14101711080506182109221604122402072301201525131903
25152413072001230412101108031421181605191722020609
23040121121115102202071913092506081714032416182005
03051606200725192413012117180210122209151123140804
11031815220821240701051210141316172523020420060919
16091225170419220510240218211503200613010714082311
02070604210916130318232220191105141015082501241217
19142305010220251117080607041612091824212203101315
20081024130623151214090125170304111922070502211816
24190901252310051704160311062218022021131215071408
04060816052209021511251821240114190307122313201710
10230212111807031424172015131901220508040609251621
15221320141912061621020809070425102417230305110118
07182117032513012008120514231009161511061924040222
08112507232402211820040903100515011206141617192213
01240503101704092307131406161819210225220811121520
21121522181008141319202523021724050716110906030401
17201914021522160605110712010813040903101821232425
06130409160111122503192422152117230820180210050714
22250710041424111923211716081220030102091318150506
13011423152118040906031019050722241112162008172502
05161108191303200125060402222307152118171412091024
09210318061217070222141524252008130410050119161123
12172002241605081015181301110923061419252104220307
